# Created by Octave 7.3.0, Thu Feb 16 17:39:58 2023 EST <ssmith@DSSARCH>
# name: X
# type: matrix
# rows: 6
# columns: 1
 5.7621686126412344e-10
 -1.4800000000000004
 -0.67999999999999972
 -2.3394140375397683
 9.9454381785246402e-06
 -17.839414037539768


