# Created by Octave 7.3.0, Wed Feb 15 15:16:08 2023 EST <ssmith@ssmitharchbang>
# name: Xguess
# type: scalar
7.6820496529827297e-06


