# Created by Octave 7.3.0, Thu Feb 16 10:18:12 2023 EST <ssmith@ssmitharchbang>
# name: Xguess
# type: scalar
9.6996163939896673e-06


