# Created by Octave 7.3.0, Thu Feb 16 10:18:12 2023 EST <ssmith@ssmitharchbang>
# name: X
# type: matrix
# rows: 6
# columns: 1
 9.699616393989608e-06
 -2.253831403582427
 -1.453831403582426
 -3.1132454411221948
 -0.7738314035824263
 -14.387076844704621


