# Created by Octave 7.3.0, Wed Feb 15 15:16:08 2023 EST <ssmith@ssmitharchbang>
# name: X
# type: matrix
# rows: 3
# columns: 1
 2.7579472950470811e-06
 -0.80000000000000071
 6.409880930701524e-06


