# Created by Octave 7.3.0, Thu Feb 16 17:39:58 2023 EST <ssmith@DSSARCH>
# name: Xguess
# type: scalar
1.056080691009105e-07


