# Created by Octave 7.3.0, Wed Feb 15 14:15:45 2023 EST <ssmith@ssmitharchbang>
# name: oKSOLUTION
# type: matrix
# rows: 34
# columns: 1
 0
 0
 0
 0
 0
 0
 0
 -13.994400000000001
 -7.6005000000000003
 -17.0898
 -28.083200000000001
 1.5546
 1.8953
 1.7947
 10.3239
 16.674299999999999
 5.4000000000000004
 8.8599999999999994
 12.2339
 -3.0943999999999998
 4.7542
 2.5747
 4.0119999999999996
 3.4651999999999998
 9.8219999999999992
 16.093299999999999
 18.783100000000001
 20.7851
 22.304600000000001
 22.104800000000001
 18
 12.622
 17.793299999999999
 19.9831


# name: oKSOLID
# type: matrix
# rows: 4
# columns: 1
 -12.688800000000001
 4.7801
 13.184699999999999
 15.811199999999999


# name: oASOLUTION
# type: matrix
# rows: 34
# columns: 7
 1 0 0 0 0 0 0
 0 1 0 0 0 0 0
 0 0 1 0 0 0 0
 0 0 0 1 0 0 0
 0 0 0 0 1 0 0
 0 0 0 0 0 1 0
 0 0 0 0 0 0 1
 -1 0 0 0 0 0 0
 -1 0 1 0 0 0 0
 -2 0 1 0 0 0 0
 -3 0 1 0 0 0 0
 0 0 1 1 0 0 0
 0 0 1 2 0 0 0
 0 0 1 3 0 0 0
 1 0 0 0 1 0 0
 2 0 0 0 1 0 0
 0 0 1 0 1 0 0
 0 0 1 0 2 0 0
 1 0 1 0 1 0 0
 -1 0 1 0 1 0 0
 1 0 0 0 0 1 0
 0 0 1 0 0 1 0
 0 0 1 0 0 2 0
 0 0 1 0 0 3 0
 1 0 0 0 0 0 1
 2 0 0 0 0 0 1
 3 0 0 0 0 0 1
 4 0 0 0 0 0 1
 5 0 0 0 0 0 1
 6 0 0 0 0 0 1
 0 0 1 0 0 0 1
 1 0 1 0 0 0 1
 2 0 1 0 0 0 1
 3 0 1 0 0 0 1


# name: oASOLID
# type: matrix
# rows: 4
# columns: 7
 -2 0 1 0 0 0 0
 0 0 1 2 0 0 0
 0 0 1 0 1 0 0
 -2 0 3 0 2 0 0


