# Created by Octave 7.3.0, Wed Feb 15 14:15:46 2023 EST <ssmith@ssmitharchbang>
# name: X
# type: matrix
# rows: 9
# columns: 1
 6.0838840995724084e-09
 0.024999993930580222
 8.7785292437263902e-06
 0.098234655447720351
 1.6436858997909669e-17
 -7.9046190680239707
 -6.6398392615531616
 -0.087697307794210158
 -5.9494136836123914


